4.646535823288174
3.847124934649778
0.42969177710636824
2.0618639664677483
-2.110070979934731
0.671995950212752
0.0
4.646535823288174
3.847124934649778
0.42969177710636824
2.0618639664677483
-2.110070979934731
0.671995950212752
0.0
4.646535823288174
3.847124934649778
0.42969177710636824
2.0618639664677483
-2.110070979934731
0.671995950212752
0.0
4.646535823288174
3.847124934649778
0.42969177710636824
2.0618639664677483
-2.110070979934731
0.671995950212752
0.0
4.646535823288174
3.847124934649778
0.42969177710636824
2.0618639664677483
-2.110070979934731
0.671995950212752
0.0
0.0
0.0
0.0
0.0
0.0
0.0
0.0
-1.5664016551051154
-1.5664016551051154
-1.5664016551051154
-1.5664016551051154
-1.5664016551051154
0.0
-1.5664016551051154
-1.5664016551051154
-1.5664016551051154
-1.5664016551051154
-1.5664016551051154
0.0
-1.5664016551051154
-1.5664016551051154
-1.5664016551051154
-1.5664016551051154
-1.5664016551051154
0.0
-1.5664016551051154
-1.5664016551051154
-1.5664016551051154
-1.5664016551051154
-1.5664016551051154
0.0
-1.5664016551051154
-1.5664016551051154
-1.5664016551051154
-1.5664016551051154
-1.5664016551051154
0.0
0.0
0.0
0.0
0.0
0.0
0.0
-2.8338569238430433
-2.8338569238430433
-2.8338569238430433
-2.8338569238430433
-2.8338569238430433
0.0
