604717.7682829764
123784.42192206079
124650.16273497498
120772.15198421084
124729.83912638293
100470.46178628814
113744.53790708157
115093.29251634263
128129.45444386422
119238.11930406633
129648.04811404235
125755.84521823733
118466.45588963715
152095.9151102348
165868.56410988382
115763.50521589113
111841.88405839395
110214.38323527087
114097.02264029239
125894.68365216932
117118.23785953579
119984.41211115502
163816.62178122898
171846.85310172738
157103.48723682476
141501.73815897296
200943.7001878296
127307.76536372086
146694.11696155602
154414.8395735504
220144.59868579285
159426.13793903607
346285.0015697598
187008.46633906805
142801.80222453055
180746.24069839923
147555.76800702472
146780.63736415497
142156.52810403565
118922.39051867188
112323.01583739927
191983.86535052833
160610.12342037912
168800.51461876297
139756.76082137442
154673.76042090193
166523.73959545552
110617.96076402094
125032.11869843093
139963.96692010853
235807.6965834664
260932.78261886633
204525.4000574405
202451.01343190417
156169.54811835196
118119.07934983654
103499.96972274456
154625.7301825367
133047.0799652601
179647.65135994233
140510.85270869458
152233.68885748024
146079.53014367283
161463.07704313385
120268.71124366255
117224.86373642576
125293.64260163684
126952.50220358178
124952.14262496268
149803.5322162003
139391.55760525027
144800.32581956062
125412.39813556433
111019.74173101818
133930.43083657805
117623.20390640368
161463.07704313385
124420.95630842827
219620.57169266246
166304.63472982953
145499.66719430394
152487.96464951
125791.82415619548
115965.25073739297
174899.91260217808
125555.86259943688
160601.51990887895
144050.83725338598
131838.05017012282
101843.7679291954
100312.64830001912
106008.78786968101
106414.47568298
130571.52339997675
119238.11930406633
120918.05124353615
133634.69698011925
165477.0762237704
145886.9272440768
118431.33941567814
112772.41887386705
188981.27824885416
147604.30056695186
137147.12231998343
128561.43543312226
157061.62085541993
162054.1067895568
138587.07201184507
123000.21498907641
124489.20903385461
123668.05404759575
150045.67325499735
125332.04546646382
134385.91672574624
112898.28559165454
138992.06088449334
117460.79462055607
155134.26791487655
114004.81086193741
121681.47149523982
161185.091173693
118050.75161764113
148146.5511280183
164087.29057995154
204686.00608219314
151054.9405865791
142801.80222453055
167924.8970011596
118744.94877915179
143632.84905502218
116065.54853799044
136459.02180045284
150399.21482936805
115494.14102440151
159807.77954097476
141649.95720206026
129944.60814003534
151321.45402667287
124420.95630842827
126952.50220358178
120449.84992739519
266039.6708921642
265367.3900225124
200826.0923820824
181365.52829126955
110683.41369598493
109085.1047749704
122338.03294973863
127034.45595454892
154874.37454575347
194884.77966258267
173478.0248102802
223285.7563166734
134939.07117188984
132375.97987192334
164203.46791269718
116334.80648014737
118922.39051867188
129360.69680740807
142017.14697522327
121681.47149523982
105690.5164914781
133930.43083657805
129086.13209836806
114925.18856114286
152487.96464951
155761.6026484036
143716.9529570067
164806.51369429674
146337.84654381004
170394.89760271343
145886.9272440768
156802.1301023834
142285.64927654044
141465.2296642734
142142.93800184995
178428.70168273168
141649.95720206026
133300.6502568092
126952.50220358178
158047.9838285051
186756.11339942864
164031.86349753424
117498.58863485277
183921.69922600008
129204.00124110375
150588.22173706727
127455.5119744283
141874.62502359523
164862.25121374396
139523.30046172446
149259.97684473085
129198.55874773287
125139.2041130486
112069.26151993216
124650.16273497498
140387.04886664113
121132.23789868654
117118.23785953579
157838.62303840218
137495.10763750572
210358.69608022564
151231.41140505485
132878.2199483398
135149.07398234995
144899.3025324409
166706.0611558253
166807.5569712633
150944.2587404676
213155.96390780085
163047.49997919428
232276.57199874695
166126.65759108146
152487.96464951
129236.04620369837
127302.44318373862
398383.26890892343
114891.79304757691
129086.13209836806
117983.32479136987
148294.9541794258
107664.01510104696
121681.47149523982
95508.85137866947
124729.83912638293
111841.88405839395
110617.96076402094
317611.83942015737
163222.335403484
122476.03994785952
317611.83942015737
287570.39005439053
171016.58251729488
147712.60478526822
546724.1616766548
163816.62178122898
146936.38329353987
282491.10845644376
148385.1916116052
475084.7093727583
135504.46835480383
317611.83942015737
134772.50733657938
155093.0567867887
181057.28589849325
193417.62520312573
259537.60907323987
140429.31131261916
151784.10319496383
187321.84863080384
137495.10763750572
146742.27412358485
147172.45072616191
321507.22628441936
142471.84915077072
136092.9555994054
168853.9105683169
124083.14058686332
129630.51042637657
118744.94877915179
142113.5472042791
115489.58493903921
145314.70372917975
143444.57792297966
166523.73959545552
233349.69245791377
147622.7164264406
224935.06644373422
159164.72157950798
121425.85443225862
142801.80222453055
166304.63472982953
143263.1329728783
146337.84654381004
178973.09063151584
277519.4229355723
134689.84916565492
307688.79030372686
165772.49679285596
114004.81086193741
96751.07500877054
297682.83874049876
258999.28907416502
149555.0259682408
129002.16564307544
176503.14174082407
194200.81633065012
185504.94547153453
171284.94153712058
151434.0379677226
194075.6966018255
174753.44565582913
155850.673186792
183813.9517487509
118148.4756015289
158896.40835034894
392761.1996241499
174899.91260217808
147517.1359536231
178863.23668015597
116673.58105004067
138507.08439191236
119698.75064776384
168837.02762709596
149948.72115940883
144854.05669783178
183927.0410274645
135846.52618779955
158896.40835034894
133047.0799652601
235054.18142202473
166706.0611558253
204405.86498193676
111121.52564217485
158896.40835034894
146010.9089622536
125791.82415619548
118922.39051867188
219423.0357373448
195413.79351826018
189746.61953268293
187206.59974035175
190584.31779281938
191696.24905890488
152222.24742631783
133083.42181643745
125298.83647767222
147712.60478526822
119095.33237813348
186365.15722526296
114465.74810222708
128272.3129082161
98347.18068594002
121420.91026456706
167818.7332143673
179519.27360215288
147037.3167288312
206401.24707360257
159904.27921728604
142156.52810403565
158310.919749959
115358.79340276071
116639.33378546973
189503.296136358
151289.51203317486
113478.61195481817
119312.37663626681
135154.88884148115
166909.12494824815
130974.83277360731
146694.11696155602
192476.55957479004
167189.68067957924
150252.2676728745
156688.05023761844
145076.00169416904
151588.57434340133
137776.9660851499
132288.8159306061
137776.9660851499
131709.83454354832
124494.35129264586
178013.2220320242
120918.05124353615
121491.53843233702
161855.06411253504
167532.91082937497
162443.39087529917
129163.77650391441
108843.9744062564
151777.29323272657
126061.97689687714
132847.6831573701
127022.9069766265
109512.16796529136
128289.57494530079
108090.06717366965
122548.53303918896
142156.52810403565
149259.97684473085
129648.04811404235
150674.37343060586
121425.85443225862
150341.55629818354
177750.63840759266
190932.1348795426
165006.86163780314
134904.92503189686
155757.18987351365
151281.52920612117
139123.27606380993
175949.25268774442
179246.78112255942
140733.03079145864
167589.73081817027
117426.1651700321
161736.46309130732
149458.48680317728
248149.22996613116
189769.30523073146
135204.7342239137
121278.83318589002
141011.81307165645
256021.87694666602
170356.66327799248
107527.19314589805
135455.49770336127
154629.9012509034
152233.68885748024
153849.88730163052
178863.23668015597
138283.6128920446
186553.04778272976
159426.13793903607
131474.8461366868
131549.0496639904
139478.34186593286
148413.0526688105
128561.43543312226
147950.32420330975
166005.26458818465
169526.7420544185
131924.77779653537
124273.45965448576
101865.2070311635
146601.15663249532
120514.69174568552
133841.60362331627
194482.85414834833
129366.14955246696
126679.41940224818
171934.71702985207
165699.6588468004
180564.47561634146
131474.8461366868
139303.7733460919
152648.89752753306
139036.80047718165
150399.21482936805
176586.27813763783
165505.17669146962
163992.441211119
145924.99268889189
118744.94877915179
134475.10106312722
110683.41369598493
126991.68888218043
147214.25741628103
126408.16700600486
191313.28397539887
177580.92721286582
156435.73282495383
154673.76042090193
141791.98946393476
146313.76742022642
151588.57434340133
194673.7953065854
152848.94361121452
122409.50968253028
155186.03981315807
140916.44009768823
107943.44877979995
129366.14955246696
177214.40759080145
138904.62838639301
106008.78786968101
110827.42209778298
115960.66359420288
205688.1139948298
169883.3823935964
182698.79034640704
141465.2296642734
120590.23533837755
169348.84736573364
130812.61954739195
119984.41211115502
161083.95845848304
174035.59558976517
135840.66857981688
130571.52339997675
118154.04467638368
171309.24154807997
127307.76536372086
135154.88884148115
141465.2296642734
193956.29221523568
144383.21009542164
168606.41662439413
124346.71921862531
122481.94056067342
117905.55916072392
122524.02052729596
123852.13074734685
137489.14859069174
125567.35808489524
114628.09325230792
170452.8367844005
155870.4236914395
152940.22438011254
160120.83567555243
122409.50968253028
163146.3684079508
175540.08381943134
140674.13246830017
177041.13767094442
141994.00994136152
142568.67237547215
157368.06761140184
126061.97689687714
115190.03886155468
143130.26706400258
122817.97520964687
122812.94093691964
119095.33237813348
117118.23785953579
186117.54478238814
133634.69698011925
127104.93009524587
137447.0654244616
134177.62292686148
128806.06458214158
135204.7342239137
144050.83725338598
165577.695127187
164806.51369429674
142060.08789415026
134939.07117188984
163423.39639141795
110465.11119688535
136402.45055225777
108859.23654336134
126755.81658715603
192818.8670655825
113935.9456705567
120590.23533837755
106320.22213689705
111686.21116206908
125293.64260163684
114004.81086193741
135545.70641707387
109021.30342266629
127034.45595454892
117426.1651700321
126674.1372608562
133930.43083657805
109512.16796529136
114004.81086193741
106414.47568298
122255.59536494726
109937.87909729163
115358.79340276071
109085.1047749704
165803.48779758997
309451.53058387735
156635.65016622748
122524.02052729596
142931.72550718492
183790.07920938276
144891.76106557116
131148.685599192
138507.08439191236
137090.31636519835
151069.67664868548
145990.34622720518
146265.79739400628
118397.79954318781
168549.19719522423
135846.52618779955
191463.96378405602
151029.83757644275
159218.169430974
217218.2178798929
190551.54861851525
151834.45707609504
152248.26950638034
149635.90525846143
155596.50211448694
106937.41180250769
141561.29466372536
147901.6413568901
117740.13062658958
171204.5855056307
163816.62178122898
167214.26196576378
238602.96961795693
99167.2408779286
124464.08543105781
157838.62303840218
164526.6962078576
126408.16700600486
124273.45965448576
183921.69922600008
157103.48723682476
133634.69698011925
185212.31293242308
155596.50211448694
140923.70075662888
144233.6367851664
125755.84521823733
134904.92503189686
166304.63472982953
142156.52810403565
118784.98911792842
209331.60358975184
125032.11869843093
112772.41887386705
115358.79340276071
116263.56458372713
112069.26151993216
100470.46178628814
156688.05023761844
175630.05976932144
152415.3801255983
150624.51555561047
111275.83743836074
154008.30328924488
164214.75249815994
163047.49997919428
117983.32479136987
145123.45005905867
142233.2080312168
133799.22884656416
162443.39087529917
144402.86512137298
149189.56676445366
115659.07474446416
131629.901569208
115358.79340276071
117252.3604844619
118922.39051867188
131291.03606027015
120012.97147141468
105289.84368519385
134309.36329059448
130445.285927618
107730.56354576889
110649.25709237304
116065.54853799044
124952.14262496268
136402.45055225777
142885.24465090595
122740.20095226835
130372.0032500972
108843.9744062564
186686.7193914773
264194.0569931922
138111.1374572573
118186.63320621403
127093.37134314171
127028.21135366452
134510.98771294262
138190.80354029368
147328.74852434808
142239.4553305158
129047.74738907989
114628.09325230792
155093.0567867887
164906.65170480584
160698.60356357778
190467.0380098126
164826.72237700876
193655.85649181597
236066.2886073522
151588.57434340133
138190.80354029368
136276.7799121463
144470.4734102114
169526.7420544185
146265.79739400628
181298.2259232976
174834.85403873073
128006.74218751151
124346.71921862531
129522.98240188732
127149.50068298876
157364.5278711353
148336.32021860708
125293.64260163684
114465.74810222708
137454.0772508449
109021.30342266629
127582.91715680459
116945.1835774435
126674.1372608562
133930.43083657805
109085.1047749704
106414.47568298
121161.2367435977
109021.30342266629
115358.79340276071
109512.16796529136
129086.13209836806
132175.21993914148
119064.70253263904
132748.51687243977
165521.67213804167
135154.88884148115
145076.00169416904
170603.15616871693
166021.81863952352
201984.00988065018
146313.76742022642
166807.5569712633
157838.62303840218
164091.9931146726
135322.1336025288
203813.38717812108
140429.31131261916
143397.869870004
133634.69698011925
167487.68030647194
305574.1196668758
156635.65016622748
121425.85443225862
140916.44009768823
181057.28589849325
144891.76106557116
131148.685599192
137888.56481214115
137090.31636519835
151769.27723472126
131885.13094136718
149547.161695297
259129.71838070705
172664.36454784707
140282.85401520052
127378.47070209532
133340.92197659463
135545.70641707387
135238.98964710467
138105.14067233133
123333.42511808357
101469.85344053386
125298.83647767222
151784.10319496383
119278.43010343262
179162.28156803708
162612.798506818
142471.84915077072
135924.3436337025
168446.46946218167
127776.05468715365
147280.38043006268
145229.33561975017
100678.42284901533
99434.85786822531
117118.23785953579
126800.20040079857
116092.59641389798
127144.18857978274
131549.0496639904
134088.7239557789
137574.27246113258
142885.24465090595
146555.19819738157
151874.56992336316
158097.36162513527
164231.0960008611
179519.27360215288
131469.26060206702
132585.865711018
117983.32479136987
118431.33941567814
104218.84222621548
99794.44848821443
114465.74810222708
124055.60481736163
104924.36211572446
99335.03483614713
188164.45640324254
112255.87500088448
244565.50025822432
125980.98202063743
126408.16700600486
133458.8740070659
134628.5444105743
139792.66002100473
160016.90034028323
177405.8886723479
141971.0724929556
158777.7528169988
124004.1063141814
124083.14058686332
141971.0724929556
190932.1348795426
188726.21334585524
146694.11696155602
127812.9209652107
161365.4335717553
119059.91205579723
133041.3960747514
173946.52542865466
191068.98332033315
123078.2488691
125567.35808489524
299233.3823929795
163047.49997919428
140936.85672353156
137803.16601101757
134254.06769004237
172664.36454784707
167100.95824973413
183230.07251688984
167994.77445385946
127028.21135366452
166203.4968091306
236902.01546536543
172689.6937919904
130862.89750685905
245124.8160036869
245124.8160036869
235807.6965834664
202451.01343190417
204525.4000574405
260932.78261886633
127112.91271974692
117224.86373642576
171384.70711048172
162054.1067895568
129086.13209836806
155596.50211448694
119059.91205579723
157103.48723682476
144653.99272323042
113478.61195481817
131549.0496639904
206548.84491829653
142949.36294755322
157481.88101303513
121355.28707317989
115358.79340276071
111526.49509144685
127034.45595454892
124612.08314443871
113770.68293343461
141891.49422136563
111970.41848266819
115190.03886155468
121497.36399754291
144050.83725338598
156169.54811835196
160120.83567555243
220091.66074682458
156899.25106212567
147367.31530729833
135582.00516437314
155596.50211448694
138904.62838639301
161251.65861669974
128438.09742721063
155783.29720005946
166807.5569712633
143364.65012710713
116302.23837068123
179709.0866267272
203343.4975969591
167818.7332143673
150341.55629818354
212562.44969083118
108328.23339186539
119555.20921448944
118357.97169532407
107822.92266163537
169348.84736573364
163201.4390842623
155689.86452957644
151386.38628119323
140429.31131261916
174326.79353005192
147367.31530729833
174351.57897208142
150301.96576089572
141501.73815897296
158784.96010689053
166313.6040062275
140106.8816625942
213155.96390780085
123338.49298179975
148458.6263099964
165384.15027369792
133452.15290820028
167818.7332143673
150341.55629818354
200826.0923820824
142156.52810403565
170194.80791051715
150785.6341219027
152648.89752753306
154859.16316311588
136149.34372269263
118018.22436514945
142196.44006473396
109512.16796529136
97828.79550422712
112542.58533763343
121391.8122419136
122668.41911662859
98978.66111332155
115659.07474446416
114004.81086193741
114891.79304757691
137090.31636519835
337169.91027085076
117983.32479136987
194482.85414834833
135545.70641707387
161847.68684514269
176984.8252677676
246928.18163736255
206274.8166884767
177995.3104610237
147712.60478526822
134557.56898781023
123042.57600803731
112772.41887386705
114465.74810222708
138155.47923203328
129366.14955246696
161197.37818398635
122409.50968253028
239011.07446965302
115960.66359420288
153809.1069009237
153394.1976572016
128561.43543312226
152487.96464951
118608.01824779686
142801.80222453055
124420.95630842827
174094.93284292324
173080.238755741
181560.80576128248
178864.07664918047
172664.36454784707
202451.01343190417
147172.45072616191
260932.78261886633
157061.62085541993
202451.01343190417
239255.68048493686
119064.70253263904
133464.58392087434
132715.17265078693
131843.65882736933
141241.4533679597
135706.76038368186
222007.0113759801
145076.00169416904
164186.91090144508
130901.10785270203
161197.37818398635
185535.7689201014
174899.91260217808
151588.57434340133
140916.44009768823
167818.7332143673
109085.1047749704
124612.08314443871
104699.58380636247
111743.38660723309
124273.45965448576
119238.11930406633
118922.39051867188
119059.91205579723
139559.1160735736
163245.30850606604
274390.28297521954
181560.80576128248
359729.11749424273
186181.31130730736
160217.56595641153
138111.1374572573
157857.80286845478
165421.09331718076
130815.37275562067
166304.63472982953
154725.33873233927
145825.07499643235
294953.6657006281
337646.3255158828
255256.45154800997
156688.05023761844
180942.694005191
129047.74738907989
138111.1374572573
126604.02765777809
218007.67847015508
125263.07488223905
180067.25055374313
142651.9288262836
127582.91715680459
143528.53217245592
396396.6359219416
149387.7616308242
147887.30747853918
117257.03258551948
219855.50365151762
176373.93095987954
147071.39422639718
151744.02106817527
