125000
128000
124300
124829
122000
97000
111000
110000
128250
115000
129000
122000
113757
155695
168750
113000
106463
109618
109000
129188
113113
117000
169100
179125
162000
135200
198750
121875
141800
158000
227050
162000
350000
184000
140400
182000
150624
148750
138674
122250
109282
196672
168750
172500
141024
152550
170800
112669
124696
135900
238986
264900
204600
208692
155940
115052
98000
154000
130000
178000
136500
150000
141500
161000
118000
115625
125000
126560
129990
152550
143100
145476
123500
108836
135200
118650
170000
129990
205000
170000
149000
150000
123552
119000
180800
122500
158200
143374
135000
97000
97100
101750
105400
130000
119000
116000
129000
167500
143000
116052
118000
186000
199000
200000
78000
195000
164000
140000
125000
121929
122428
112926
122428
144000
110176
195000
118965
150000
139000
125468
147680
113620
150000
200000
296000
172500
140000
154440
115700
170000
149000
136125
156250
93750
160000
139000
145300
165000
124800
124800
126047
267245
195000
199500
210000
102548
90000
148000
128250
156250
198000
180500
335000
133973
90000
125000
113050
123497
129272
150000
119600
102960
115000
131560
105000
156750
195000
155000
170050
190000
169000
144640
215000
210000
185000
144640
185250
139100
130000
133000
230000
210000
170050
148000
187200
124800
180500
129950
147290
165360
135200
169000
133000
131100
104412
125000
143000
118750
120028
207000
136400
209502
156250
131250
199000
152550
167240
180000
230000
216000
166036
299000
220000
160000
123750
210000
445000
118965
160000
114356
150000
101400
121600
39000
123750
107250
106080
330000
158000
121250
330000
297000
205000
143750
562000
245000
210000
349000
152000
640000
140209
330000
130000
154960
249000
202270
280000
136500
158200
210000
135000
177000
150000
330000
149000
98000
125000
123396
137500
168000
100000
126000
220000
141250
179670
234057
144640
240000
168370
115700
200000
225000
85000
205000
184063
279675
136500
297000
125000
95000
68750
170000
165000
152000
127000
173750
150000
129000
169000
167240
130000
204250
182000
129500
111250
120000
400000
174720
149875
178540
115700
170000
110000
169000
145600
98000
270000
131250
120000
130900
168000
120000
200000
90000
120000
156250
123396
115700
159000
199500
200000
215000
290000
200000
175000
92000
120000
70000
116052
145000
95000
129950
75000
137000
130000
190970
175000
230000
156250
143000
159000
120583
115000
135000
210000
95000
140000
137000
245000
135000
105000
193750
154440
148750
156000
148750
147000
149160
126000
154000
149000
145000
120000
130000
116870
100000
170000
119000
84900
105034
168000
126922
156250
124000
107296
126500
85000
88000
89900
150000
130000
65000
98000
161500
188000
270000
171000
131250
105000
190350
132800
229175
178000
133800
161000
127875
157070
150000
245000
195000
133000
121628
143750
244625
154000
103500
134470
155000
149000
150000
235000
135200
191250
157040
129272
133694
139375
140000
122375
143000
165150
165000
129950
122000
102000
150800
122364
133000
198172
128700
120640
181900
170000
190000
135960
135600
146250
147500
161250
175105
175150
200000
148000
117800
225000
107250
124300
137280
124800
172700
186450
109000
105000
92000
145770
209000
265000
92000
116480
163850
210000
107035
78000
116000
94000
82500
145000
114000
250000
198750
175615
144800
117520
178125
162500
116875
173000
190000
137500
136000
120382
186450
63000
150000
137860
120000
210000
182000
125468
119000
112500
119600
78000
143750
124800
110500
175150
161500
163850
190000
116345
163850
182400
149000
180800
143000
138500
156250
125746
112750
146157
126047
121000
118810
115000
184500
129272
127690
135148
129000
124866
141625
143750
190000
95000
137500
129950
173750
104200
132829
70600
124800
200720
116347
118000
102700
108680
124300
112750
137221
109901
127804
118965
123170
133481
83750
113114
80625
124300
109901
112613
86310
166400
263500
156000
118085
205000
122000
140000
69000
137500
99900
170050
120000
101500
113620
180000
170000
193673
155940
154810
216485
115000
146561
190000
161250
162500
86250
140400
200000
114400
169500
164528
242700
249025
120392
122808
203750
170000
165000
145000
138000
207000
130625
192959
158500
140400
143750
125746
140209
162000
143000
114400
149000
123750
97180
114000
114000
109881
97000
155740
175000
154000
152264
127000
175000
186250
174369
115000
139555
100000
89900
168370
95000
110000
115000
135600
96000
116280
117260
176800
119780
85000
85000
91500
103902
109546
114601
76000
137500
145500
117260
129950
80956
220000
256500
133340
130000
96000
82000
93500
145000
145600
145000
124300
112100
151840
179670
176320
188100
218400
204000
293700
150800
98900
130625
99000
119400
147578
126850
169891
125840
118750
134544
121928
123000
106500
124300
93750
87746
109901
127804
118965
123170
133481
83750
80625
124300
109901
112613
86310
130128
73000
116345
130000
178000
132210
170000
112000
127500
250000
143750
119300
99000
169100
140000
149000
72000
145000
130625
166400
263500
156000
121628
205000
122000
140000
69000
137500
99900
170050
65000
158650
278000
123809
136250
124300
141625
136746
134800
136850
120510
96625
119600
150000
116345
184250
162810
138700
135600
165000
125000
139000
150635
96863
78000
116584
80000
132000
131100
134837
135390
137500
150246
143750
119031
217079
174866
185000
160000
128255
99000
155000
99000
71400
110500
145000
83750
97419
199098
109200
125000
145000
150000
134000
151420
89900
170000
186250
150000
176167
79000
123594
143000
192375
320000
178000
123396
163850
118750
135000
200000
196672
122200
123200
275000
169100
200000
140400
137500
255000
169500
187500
250000
75000
115000
238986
235000
130360
149730
253000
242960
208692
204600
207900
145000
150000
170000
168750
129000
158200
117520
161875
146900
109968
134394
213000
141250
149000
119900
119400
116000
130000
123500
112113
143000
115000
111800
120900
141250
160460
188000
220350
160460
142750
129100
155000
135148
166250
146000
196500
245000
145000
110000
176099
200100
163000
145000
218500
107910
118690
113394
102879
172000
159600
149800
155000
139100
173936
150000
177450
154000
144640
162469
169500
142000
215000
125469
147000
156000
134000
170523
154000
197000
143750
154999
153000
146250
147999
137186
115500
143520
145000
91625
109481
121524
120063
95000
119800
111000
110900
143750
330780
116480
240000
136900
157466
179670
231650
230000
190000
179000
92000
100000
109282
95000
133340
124000
167750
124630
244816
112000
157199
157000
125000
159000
115170
147290
127000
173000
176000
185000
170000
179000
208692
142460
263900
160000
208692
238986
115599
130000
131000
165000
140120
130000
229164
108460
105500
128000
167500
170175
182000
150800
144500
172000
108680
121000
99500
110000
123750
123497
123497
125000
134000
167625
276000
182500
360000
190000
163750
137500
158000
163500
134431
170000
158000
145000
297349
338000
253000
155000
180050
125840
135600
131000
218400
124800
184000
137000
130000
144000
401500
150000
148905
111870
227500
166000
144750
152550
